1018,4
1018,3
1018,2
1018,1
1018,0
1017,4
1017,3
1017,2
1017,1
1017,0
762,7
762,6
762,5
762,4
762,3
762,2
762,1
762,0
761,3
761,2
761,1
761,0
760,3
760,2
760,1
760,0
759,3
759,2
759,1
759,0
758,3
758,2
758,1
758,0
757,3
757,2
757,1
757,0
756,3
756,2
756,1
756,0
755,3
755,2
755,1
755,0
754,5
754,4
754,3
754,2
754,1
754,0
753,3
753,2
753,1
753,0
752,9
752,8
752,7
752,6
752,5
752,4
752,3
752,2
752,1
752,0
751,5
751,4
751,3
751,2
751,1
751,0
750,4
750,3
750,2
750,1
750,0
749,13
749,12
749,11
749,10
749,9
749,8
749,7
749,6
749,5
749,4
749,3
749,2
749,1
749,0
748,3
748,2
748,1
748,0
747,3
747,2
747,1
747,0
746,4
746,3
746,2
746,1
746,0
745,3
745,2
745,1
745,0
744,3
744,2
744,1
744,0
743,6
743,5
743,4
743,3
743,2
743,1
743,0
742,12
742,11
742,10
742,9
742,8
742,7
742,6
742,5
742,4
742,3
742,2
742,1
742,0
741,5
741,4
741,3
741,2
741,1
741,0
740,5
740,4
740,3
740,2
740,1
740,0
739,4
739,3
739,2
739,1
739,0
738,5
738,4
738,3
738,2
738,1
738,0
737,5
737,4
737,3
737,2
737,1
737,0
736,3
736,2
736,1
736,0
735,4
735,3
735,2
735,1
735,0
734,3
734,2
734,1
734,0
733,3
733,2
733,1
733,0
732,4
732,3
732,2
732,1
732,0
731,4
731,3
731,2
731,1
731,0
730,6
730,5
730,4
730,3
730,2
730,1
730,0
729,9
729,8
729,7
729,6
729,5
729,4
729,3
729,2
729,1
729,0
728,4
728,3
728,2
728,1
728,0
727,3
727,2
727,1
727,0
726,4
726,3
726,2
726,1
726,0
5,68
5,67
0,319
0,267
0,266
0,265
0,263
0,262
0,261
0,260
0,258
0,257
762,8
762,9
763,1
763,2
763,4
763,5
764,1
764,3
764,4
765,1
765,2
765,4
766,0
766,1
766,3
767,0
767,2
767,3
768,1
768,3
768,4
769,1
769,2
769,4
770,1
770,2
770,4
771,0
771,2
771,3
772,1
772,3
772,4
773,1
773,2
774,0
774,2
774,3
775,0
775,1
775,3
775,4
775,6
775,8
775,9
775,11
775,12
775,14
776,1
776,2
776,4
776,5
777,0
777,2
777,3
778,1
778,2
779,0
779,1
779,3
779,5
779,6
780,1
780,2
781,0
781,2
781,3
781,5
781,6
782,0
782,1
782,3
783,1
783,2
784,0
784,1
784,3
785,0
785,1
785,3
785,4
786,0
786,1
786,3
787,1
787,2
787,4
788,0
788,2
788,4
789,0
789,2
789,3
790,1
790,3
790,4
791,1
791,2
791,4
791,5
791,7
791,9
792,0
792,2
792,3
792,5
793,1
793,2
793,4
793,5
794,1
794,2
794,4
795,1
795,2
796,0
796,1
796,3
796,5
796,6
796,8
796,9
797,1
797,2
797,4
798,0
798,1
798,3
798,4
799,1
799,3
800,0
800,2
800,3
801,1
801,2
802,0
802,2
802,3
802,5
802,6
803,0
803,2
803,3
803,5
803,6
804,1
804,3
805,0
805,2
805,3
806,0
806,1
806,3
807,1
807,2
807,4
808,0
808,2
808,4
809,0
809,2
809,3
809,5
810,0
810,2
810,4
811,0
811,2
811,3
812,0
812,2
812,3
813,1
813,2
814,0
814,1
814,3
815,0
815,1
815,3
816,0
816,2
817,0
817,1
817,3
817,4
818,1
818,3
818,4
819,1
819,2
819,4
819,5
820,0
820,2
820,3
820,5
820,6
820,8
820,10
820,11
820,13
820,14
820,16
820,17
821,1
821,3
821,4
822,1
822,2
822,4
822,6
823,0
823,2
823,3
823,5
824,0
824,2
824,4
824,5
825,0
825,1
825,3
826,0
826,1
826,3
826,4
828,0
828,1
828,3
829,1
829,2
830,0
830,1
830,3
830,5
831,0
831,2
831,3
831,5
832,1
832,2
832,4
833,0
833,2
833,3
834,1
834,3
835,0
835,2
835,3
836,0
836,2
836,3
837,1
837,2
837,4
837,5
837,7
838,1
838,2
839,0
839,1
839,3
840,0
840,1
840,3
840,4
841,0
841,1
841,3
841,5
842,0
842,2
842,3
843,1
843,3
844,0
844,2
844,3
845,1
845,3
845,4
846,1
846,2
847,0
847,1
847,3
848,1
848,2
848,4
849,0
849,2
849,4
850,0
850,2
850,3
851,1
851,2
851,4
851,6
852,0
852,2
852,3
852,5
853,1
853,2
853,4
853,5
853,7
853,8
854,1
854,3
854,4
855,0
855,1
855,3
855,5
855,6
856,1
856,2
856,4
857,1
857,2
857,4
857,5
858,1
858,2
858,4
859,1
859,2
860,0
860,1
860,3
861,1
861,2
861,4
862,0
862,2
862,3
862,5
863,1
863,2
864,0
864,1
864,3
865,1
865,2
866,0
866,1
866,3
866,4
867,0
867,2
867,3
868,1
868,2
868,4
869,1
869,2
870,0
870,1
870,3
870,4
870,6
870,8
870,9
870,10
870,11
870,13
870,15
870,16
871,1
871,2
871,4
4,3
872,1
872,2
4,4
5,4
872,4
873,0
873,2
873,3
874,0
874,1
874,3
875,1
875,2
875,4
875,5
875,7
875,8
875,10
876,0
876,1
876,3
877,0
877,2
877,4
877,5
877,7
877,8
878,1
878,2
878,4
879,1
879,2
879,4
880,0
880,2
880,4
881,0
881,2
881,3
882,1
882,3
883,0
883,2
883,3
884,1
884,2
885,0
885,2
885,3
885,5
886,0
886,2
886,4
887,0
887,2
887,3
887,5
887,6
888,1
888,3
888,4
889,0
889,1
889,3
889,5
890,0
890,2
890,3
891,1
891,2
892,0
892,2
892,3
893,1
893,2
894,0
894,2
894,3
895,0
895,1
895,3
895,4
896,1
896,3
897,0
897,2
897,3
898,1
898,3
899,0
899,2
899,3
900,1
900,3
900,4
901,1
901,2
902,0
902,1
902,3
903,0
903,1
903,3
904,0
904,2
904,4
905,0
905,2
905,3
906,0
906,1
906,3
907,0
907,1
907,3
908,0
908,2
908,4
908,5
909,0
909,1
909,3
910,0
910,2
911,0
911,1
911,3
911,4
911,6
911,8
911,9
911,11
911,12
912,0
912,2
912,3
913,0
913,1
913,3
913,4
914,1
914,3
914,4
915,1
915,2
916,0
916,2
916,3
916,5
916,6
916,8
917,0
917,2
917,4
917,5
918,0
918,1
918,3
918,5
918,6
918,8
919,0
919,2
919,3
919,5
920,1
920,2
921,0
921,1
921,3
922,1
922,2
923,0
923,1
923,3
924,0
924,2
924,4
925,0
925,2
925,3
926,1
926,3
927,0
927,2
927,3
928,0
928,2
928,3
928,5
928,6
929,1
929,2
929,4
929,6
930,0
930,2
930,3
930,5
931,0
931,1
931,3
931,4
932,0
932,1
932,3
933,1
933,2
934,0
934,1
934,3
935,1
935,2
935,4
935,5
936,1
936,2
936,4
937,1
937,2
937,4
937,5
938,1
938,3
938,4
939,1
939,2
940,0
940,2
940,3
941,1
941,2
941,4
941,5
942,0
942,2
942,3
943,1
943,2
943,4
944,1
944,2
944,4
944,5
945,1
945,2
945,4
946,0
946,1
946,3
947,0
947,2
947,4
947,5
948,1
948,2
948,4
949,0
949,2
949,4
949,5
950,1
950,2
951,0
951,2
951,3
952,0
952,1
952,3
953,0
953,1
953,3
953,4
953,6
953,7
954,1
954,3
955,0
955,2
955,3
956,0
956,2
956,3
957,1
957,2
958,0
958,1
958,3
959,1
959,2
960,0
960,1
960,3
961,1
961,2
962,0
962,1
962,3
963,0
963,2
963,4
964,0
964,2
964,3
965,0
965,2
965,3
966,1
966,2
967,0
967,1
967,3
967,5
968,0
968,2
968,3
969,1
969,3
970,0
970,2
970,3
971,0
971,2
971,3
972,1
972,2
973,0
973,1
973,3
974,1
974,2
975,0
975,1
975,3
976,1
976,2
977,0
977,1
977,3
977,4
978,1
978,3
978,4
978,6
979,0
979,2
980,0
980,1
980,3
981,0
981,2
981,3
982,1
982,3
983,0
983,2
983,3
984,1
984,3
985,0
985,2
985,3
986,1
986,3
987,0
987,2
987,3
989,1
989,2
991,0
991,2
991,3
995,0
995,1
995,3
995,5
997,0
997,2
997,3
998,1
998,2
999,0
999,2
999,3
1000,1
1000,2
1001,0
1001,2
1001,3
1002,1
1002,2
1004,0
1004,1
1004,3
1004,5
1004,6
1005,1
1005,2
1005,4
1008,1
1008,2
1008,4
1009,0
1009,2
1009,3
1016,1
1016,3
4,5
5,8
5,23
5,9
5,21
5,12
5,5
5,15
5,6
5,18
5,35
5,16
5,10
5,17
5,29
1,2
5,25
5,31
5,32
0,2
0,9
3,2
2,2
5,64
5,65
5,30
5,7
5,20
5,22
5,24
5,11
5,66
1016,2
1016,0
1009,1
1008,3
1008,0
1005,3
1005,0
1004,4
1004,2
1002,3
1002,0
1001,1
1000,3
1000,0
999,1
998,3
998,0
997,1
995,4
995,2
991,4
991,1
989,3
989,0
987,1
986,2
986,0
985,1
984,2
984,0
983,1
982,2
982,0
981,1
980,2
979,3
979,1
978,5
978,2
978,0
977,2
976,3
976,0
975,2
974,3
974,0
973,2
972,3
972,0
971,1
970,4
970,1
969,2
969,0
968,1
967,4
967,2
966,3
966,0
965,1
964,4
964,1
963,3
963,1
962,2
961,3
961,0
960,2
959,3
959,0
958,2
957,3
957,0
956,1
955,4
955,1
954,2
954,0
953,5
953,2
952,4
952,2
951,4
951,1
950,3
950,0
949,3
949,1
948,3
948,0
947,3
947,1
946,2
945,5
945,3
945,0
944,3
944,0
943,3
943,0
942,1
941,6
941,3
941,0
940,1
939,3
939,0
938,2
938,0
937,3
937,0
936,3
936,0
935,3
935,0
934,2
933,3
933,0
932,2
931,5
931,2
930,6
930,4
930,1
929,5
929,3
929,0
928,4
928,1
927,4
927,1
926,2
926,0
925,1
924,3
924,1
923,2
922,3
922,0
921,2
920,3
920,0
919,4
919,1
918,7
918,4
918,2
917,6
917,3
917,1
916,7
916,4
916,1
915,3
915,0
914,2
914,0
913,2
912,4
912,1
911,13
911,10
911,7
911,5
911,2
910,3
910,1
909,2
908,6
908,3
908,1
907,2
906,4
906,2
905,4
905,1
904,3
904,1
903,2
902,4
902,2
901,3
901,0
900,2
900,0
899,1
898,2
898,0
897,1
896,2
896,0
895,2
894,4
894,1
893,3
893,0
892,1
891,3
891,0
890,1
889,4
889,2
888,5
888,2
888,0
887,4
887,1
886,3
886,1
885,4
885,1
884,3
884,0
883,1
882,2
882,0
881,1
880,3
880,1
879,3
879,0
878,3
878,0
877,6
877,3
877,1
876,2
875,11
875,9
875,6
875,3
875,0
874,2
873,4
873,1
872,5
872,3
5,3
872,0
871,3
871,0
870,14
870,12
7,3
870,7
870,5
870,2
869,3
869,0
868,3
868,0
867,1
866,5
866,2
865,3
865,0
864,2
863,3
863,0
862,4
862,1
861,3
861,0
860,2
859,3
859,0
858,3
858,0
857,3
857,0
856,3
856,0
855,4
855,2
854,5
854,2
854,0
853,6
853,3
853,0
852,4
852,1
851,5
851,3
851,0
850,1
849,3
849,1
848,3
848,0
847,2
846,3
846,0
845,2
845,0
844,1
843,2
843,0
842,1
841,4
841,2
840,5
840,2
839,4
839,2
838,3
838,0
837,6
837,3
837,0
836,1
835,4
835,1
834,2
834,0
833,1
832,3
832,0
831,4
831,1
830,4
830,2
829,3
829,0
828,2
826,5
826,2
825,4
825,2
824,6
824,3
824,1
823,4
823,1
822,5
822,3
822,0
821,2
821,0
820,15
820,12
820,9
820,7
820,4
820,1
819,6
819,3
819,0
818,2
818,0
817,2
816,3
816,1
815,2
814,4
814,2
813,3
813,0
812,1
811,4
811,1
810,3
810,1
809,4
809,1
808,3
808,1
807,3
807,0
806,2
805,4
805,1
804,2
804,0
803,4
803,1
802,7
802,4
802,1
801,3
801,0
800,1
799,2
799,0
798,2
797,5
797,3
797,0
796,7
796,4
796,2
795,3
795,0
794,3
794,0
793,3
793,0
792,4
792,1
791,8
791,6
791,3
791,0
790,2
790,0
789,1
788,3
788,1
787,3
787,0
786,2
785,5
785,2
784,4
784,2
783,3
783,0
782,2
781,7
781,4
781,1
780,3
780,0
779,4
779,2
778,3
778,0
777,1
776,6
776,3
776,0
775,13
775,10
775,7
775,5
775,2
774,4
774,1
773,3
773,0
772,2
772,0
771,1
770,3
770,0
769,3
769,0
768,2
768,0
767,1
766,2
765,5
765,3
765,0
764,2
764,0
763,3
763,0
0,264
0,259
0,269
0,63
1,45
3,44
2,44
1,44
3,43
2,43
1,43
3,42
2,42
1,42
3,41
2,41
1,41
3,40
2,40
1,40
3,39
2,39
1,39
3,38
2,38
1,38
3,37
2,37
1,37
3,36
2,36
1,36
3,35
2,35
1,35
3,34
2,34
1,34
3,33
2,33
1,33
3,32
2,32
1,32
3,31
2,31
1,31
3,30
2,30
1,30
3,29
2,29
1,29
3,28
2,28
1,28
3,27
2,27
1,27
3,26
2,26
1,26
3,25
2,25
1,25
3,24
2,24
1,24
3,23
2,23
1,23
3,22
2,22
1,22
3,21
2,21
1,21
3,20
2,20
1,20
3,19
2,19
1,19
3,18
2,18
1,18
3,17
2,17
1,17
3,16
2,16
1,16
3,15
2,15
1,15
3,14
2,14
1,14
3,13
2,13
1,13
3,12
2,12
1,12
3,11
2,11
1,11
3,10
2,10
1,10
3,9
2,9
1,9
3,8
2,8
1,8
3,7
2,7
1,7
3,6
2,6
1,6
3,5
2,5
1,5
3,4
2,4
1,4
3,3
3,0
2,3
2,0
1,3
1,0
0,6
0,0
0,47
0,46
0,49
0,48
0,45
0,61
0,12
0,318
0,10
0,62
0,8
0,256
0,11
0,5
0,7
0,4
0,3
